PLOT TYPE: Azimuth (Theta Fixed, Phi Variable)
FREQUENCY: 144.00
FIXED: 90.00
START: 0.00
STEP: 10.00
POINTS: 19
0.00 8.42 8.42 11.430 0.97999 -45.00 1.21595E+00 66.37 1.21595E+00 157.53 LEFT
10.00 7.85 8.04 10.953 0.95332 -31.33 1.16352E+00 62.71 1.13827E+00 155.15 LEFT
20.00 6.00 6.77 9.412 0.87026 -25.31 1.00516E+00 51.71 9.20654E-01 147.86 LEFT
30.00 2.45 4.16 6.401 0.74926 -23.05 7.44891E-01 33.14 6.11522E-01 135.06 LEFT
40.00 -4.00 -1.03 0.748 0.62035 -21.05 4.09868E-01 5.46 2.91027E-01 113.84 LEFT
50.00 -17.15 -15.23 -13.074 0.62466 -30.11 7.98942E-02 -62.98 6.40267E-02 49.98 LEFT
60.00 -13.82 -6.14 -5.460 0.20193 -19.88 2.27342E-01 141.34 9.39137E-02 -72.01 LEFT
70.00 -14.13 -2.34 -2.063 0.10206 -13.29 3.52246E-01 93.28 9.06189E-02 -111.47 LEFT
80.00 -21.39 -3.00 -2.935 0.02974 -6.65 3.26611E-01 43.80 3.92984E-02 -150.71 LEFT
90.00 -999.99 -6.55 -6.546 0.00000 0.00 2.17087E-01 -11.07 7.30305E-13 -20.93 LINEAR
100.00 -30.53 -13.17 -13.090 0.03566 7.45 1.01262E-01 -64.39 1.37215E-02 -79.91 RIGHT
110.00 -44.47 -19.86 -19.845 0.05057 1.72 4.68710E-02 -25.13 2.75724E-03 -84.50 RIGHT
120.00 -18.84 -9.08 -8.643 0.20841 14.04 1.62165E-01 -34.52 5.27151E-02 8.27 LEFT
130.00 -10.35 -4.58 -3.559 0.37449 19.78 2.72247E-01 -69.47 1.40076E-01 -15.64 LEFT
140.00 -6.37 -2.94 -1.314 0.54553 23.00 3.28863E-01 -99.56 2.21474E-01 -34.41 LEFT
150.00 -4.84 -2.98 -0.798 0.70845 25.26 3.27375E-01 -122.63 2.64293E-01 -47.81 LEFT
160.00 -4.77 -3.95 -1.330 0.84834 27.56 2.92578E-01 -138.22 2.66464E-01 -55.94 LEFT
170.00 -5.30 -5.09 -2.185 0.94620 32.52 2.56553E-01 -146.66 2.50642E-01 -59.53 LEFT
180.00 -5.60 -5.60 -2.592 0.97999 45.00 2.41994E-01 -149.18 2.41994E-01 -60.34 LEFT
PLOT TYPE: Azimuth (Theta Fixed, Phi Variable)
FREQUENCY: 145.00
FIXED: 90.00
START: 0.00
STEP: 10.00
POINTS: 19
0.00 8.67 8.67 11.681 0.99060 -45.00 1.12271E+00 57.11 1.12271E+00 147.66 LEFT
10.00 8.07 8.26 11.177 0.96222 -27.65 1.07096E+00 53.27 1.04775E+00 145.09 LEFT
20.00 6.14 6.90 9.547 0.87781 -23.84 9.15740E-01 41.64 8.39031E-01 137.16 LEFT
30.00 2.42 4.11 6.355 0.75710 -22.37 6.64177E-01 21.66 5.46421E-01 122.88 LEFT
40.00 -4.33 -1.49 0.328 0.63408 -21.05 3.48601E-01 -10.09 2.51197E-01 97.45 LEFT
50.00 -15.32 -13.33 -11.199 0.49518 -34.08 8.92226E-02 -108.91 7.09228E-02 16.37 LEFT
60.00 -12.17 -4.45 -3.774 0.21011 -19.55 2.47799E-01 136.39 1.01946E-01 -78.50 LEFT
70.00 -13.59 -1.69 -1.417 0.10349 -13.07 3.40661E-01 85.65 8.65792E-02 -119.75 LEFT
80.00 -21.47 -2.90 -2.840 0.03199 -6.48 2.96305E-01 33.90 3.49408E-02 -162.05 LEFT
90.00 -999.99 -7.11 -7.106 0.00000 0.00 1.82571E-01 -23.81 6.16839E-13 -38.11 LINEAR
100.00 -31.10 -15.57 -15.452 0.06769 8.70 6.88893E-02 -81.45 1.15235E-02 -105.91 RIGHT
110.00 -39.29 -18.64 -18.601 0.08873 -1.56 4.84010E-02 1.65 4.49118E-03 108.53 LEFT
120.00 -17.84 -8.10 -7.665 0.21315 13.87 1.62787E-01 -35.84 5.30301E-02 7.97 LEFT
130.00 -10.22 -4.38 -3.375 0.37132 19.63 2.49889E-01 -74.85 1.27551E-01 -21.16 LEFT
140.00 -6.96 -3.47 -1.865 0.54122 22.92 2.77390E-01 -106.32 1.85699E-01 -41.42 LEFT
150.00 -6.30 -4.41 -2.243 0.70434 25.18 2.49105E-01 -129.60 2.00249E-01 -55.00 LEFT
160.00 -7.37 -6.53 -3.922 0.84624 27.15 1.95049E-01 -144.12 1.77051E-01 -61.88 LEFT
170.00 -9.11 -8.89 -5.987 0.95062 30.17 1.48690E-01 -150.05 1.45013E-01 -62.57 LEFT
180.00 -9.98 -9.98 -6.965 0.99060 45.00 1.31219E-01 -150.87 1.31219E-01 -61.41 LEFT
PLOT TYPE: Azimuth (Theta Fixed, Phi Variable)
FREQUENCY: 146.00
FIXED: 90.00
START: 0.00
STEP: 10.00
POINTS: 19
0.00 8.91 8.91 11.919 0.99867 45.00 1.00935E+00 48.97 1.00935E+00 138.89 LEFT
10.00 8.28 8.47 11.382 0.97023 -21.81 9.59142E-01 44.92 9.38388E-01 136.11 LEFT
20.00 6.24 7.00 9.644 0.88513 -22.16 8.09776E-01 32.55 7.42232E-01 127.44 LEFT
30.00 2.31 3.98 6.231 0.76531 -21.66 5.72044E-01 10.78 4.71914E-01 111.30 LEFT
40.00 -4.72 -2.05 -0.171 0.64938 -21.49 2.85838E-01 -26.90 2.10298E-01 79.98 LEFT
50.00 -12.55 -9.50 -7.749 0.42535 -30.42 1.21295E-01 -139.92 8.53327E-02 -9.86 LEFT
60.00 -10.52 -2.78 -2.108 0.21739 -19.28 2.62648E-01 132.33 1.07840E-01 -83.88 LEFT
70.00 -13.14 -1.14 -0.878 0.10404 -12.89 3.17251E-01 79.87 7.97099E-02 -125.95 LEFT
80.00 -21.99 -3.17 -3.109 0.03414 -6.24 2.51366E-01 25.19 2.87784E-02 -172.37 LEFT
90.00 -999.99 -8.34 -8.345 0.00000 0.00 1.38468E-01 -39.27 4.85910E-13 -60.67 LINEAR
100.00 -30.07 -18.61 -18.313 0.08003 14.32 4.24570E-02 -120.42 1.13536E-02 -139.00 RIGHT
110.00 -30.85 -16.61 -16.446 0.19390 0.41 5.34890E-02 21.31 1.03786E-02 109.25 LEFT
120.00 -17.43 -7.56 -7.139 0.21254 13.56 1.51483E-01 -38.64 4.86390E-02 5.68 LEFT
130.00 -10.38 -4.44 -3.455 0.36529 19.51 2.17066E-01 -81.00 1.09542E-01 -27.74 LEFT
140.00 -7.84 -4.28 -2.697 0.53361 22.89 2.21033E-01 -112.88 1.46717E-01 -48.54 LEFT
150.00 -8.39 -6.41 -4.280 0.69341 25.17 1.72946E-01 -134.42 1.37744E-01 -60.49 LEFT
160.00 -11.51 -10.54 -7.984 0.83061 26.36 1.07588E-01 -142.08 9.62279E-02 -60.52 LEFT
170.00 -15.57 -15.23 -12.387 0.94400 23.03 6.26974E-02 -129.05 6.02412E-02 -41.43 LEFT
180.00 -16.85 -16.85 -13.836 0.99867 -45.00 5.20328E-02 -114.30 5.20328E-02 -24.23 LEFT
PLOT TYPE: Azimuth (Theta Fixed, Phi Variable)
FREQUENCY: 147.00
FIXED: 90.00
START: 0.00
STEP: 10.00
POINTS: 19
0.00 9.09 9.09 12.101 0.98798 45.00 8.97605E-01 42.45 8.97605E-01 131.76 LEFT
10.00 8.42 8.61 11.523 0.97625 -12.36 8.49004E-01 38.17 8.30667E-01 128.74 LEFT
20.00 6.25 7.00 9.652 0.89213 -20.25 7.05770E-01 24.97 6.47208E-01 119.22 LEFT
30.00 2.06 3.71 5.972 0.77390 -20.96 4.82855E-01 0.94 3.99757E-01 100.76 LEFT
40.00 -5.10 -2.66 -0.702 0.66326 -22.71 2.31936E-01 -45.28 1.75273E-01 61.46 LEFT
50.00 -9.74 -5.90 -4.398 0.40578 -27.33 1.59765E-01 -158.78 1.02745E-01 -28.76 LEFT
60.00 -8.89 -1.15 -0.473 0.22450 -19.02 2.76144E-01 129.36 1.13263E-01 -88.14 LEFT
70.00 -12.75 -0.68 -0.419 0.10420 -12.75 2.91454E-01 76.62 7.25894E-02 -129.46 LEFT
80.00 -23.12 -3.91 -3.858 0.03606 -5.91 2.00940E-01 18.91 2.20130E-02 179.48 LEFT
90.00 -999.99 -10.65 -10.645 0.00000 0.00 9.25357E-02 -60.38 3.81363E-13 -91.41 LINEAR
100.00 -27.35 -16.48 -16.135 0.06783 15.53 4.72851E-02 176.31 1.35211E-02 -168.89 LEFT
110.00 -25.61 -13.93 -13.647 0.24648 4.85 6.33798E-02 38.97 1.65165E-02 111.18 LEFT
120.00 -17.74 -7.58 -7.183 0.21013 12.92 1.31643E-01 -39.62 4.09080E-02 5.63 LEFT
130.00 -11.09 -5.00 -4.041 0.35522 19.36 1.77332E-01 -86.38 8.79136E-02 -33.95 LEFT
140.00 -9.36 -5.68 -4.127 0.51990 22.94 1.63968E-01 -118.11 1.07348E-01 -54.84 LEFT
150.00 -11.79 -9.58 -7.534 0.66491 24.89 1.04652E-01 -133.44 8.10820E-02 -61.21 LEFT
160.00 -17.66 -15.90 -13.680 0.78435 16.62 5.05230E-02 -105.25 4.12835E-02 -22.91 LEFT
170.00 -13.68 -13.33 -10.492 0.95971 -0.20 6.79498E-02 -56.66 6.52121E-02 33.36 LEFT
180.00 -11.37 -11.37 -8.357 0.98798 -45.00 8.51557E-02 -49.52 8.51557E-02 41.18 LEFT
